2413432311322413432311323241343231132332413432311323
3215453535623215453535623321545353562333215453535623
3255245654253255245654254325524565425443255245654254
3446585845453446585845452344658584545223446585845452
4546657867534546657867536454665786753664546657867536
1438598798451438598798454143859879845441438598798454
4457876987764457876987766445787698776664457876987766
3637877979653637877979653363787797965333637877979653
4654967986884654967986887465496798688774654967986887
4564679986454564679986453456467998645334564679986453
1224686865561224686865563122468686556331224686865563
2546548887732546548887735254654888773552546548887735
4322674655534322674655533432267465553334322674655533
2413432311322413432311323241343231132332413432311323
3215453535623215453535623321545353562333215453535623
3255245654253255245654254325524565425443255245654254
3446585845453446585845452344658584545223446585845452
4546657867534546657867536454665786753664546657867536
1438598798451438598798454143859879845441438598798454
4457876987764457876987766445787698776664457876987766
3637877979653637877979653363787797965333637877979653
4654967986884654967986887465496798688774654967986887
4564679986454564679986453456467998645334564679986453
1224686865561224686865563122468686556331224686865563
2546548887732546548887735254654888773552546548887735
4322674655534322674655533432267465553334322674655533
2413432311322413432311323241343231132332413432311323
3215453535623215453535623321545353562333215453535623
3255245654253255245654254325524565425443255245654254
3446585845453446585845452344658584545223446585845452
4546657867534546657867536454665786753664546657867536
1438598798451438598798454143859879845441438598798454
4457876987764457876987766445787698776664457876987766
3637877979653637877979653363787797965333637877979653
4654967986884654967986887465496798688774654967986887
4564679986454564679986453456467998645334564679986453
1224686865561224686865563122468686556331224686865563
2546548887732546548887735254654888773552546548887735
4322674655534322674655533432267465553334322674655533
2413432311322413432311323241343231132332413432311323
3215453535623215453535623321545353562333215453535623
3255245654253255245654254325524565425443255245654254
3446585845453446585845452344658584545223446585845452
4546657867534546657867536454665786753664546657867536
1438598798451438598798454143859879845441438598798454
4457876987764457876987766445787698776664457876987766
3637877979653637877979653363787797965333637877979653
4654967986884654967986887465496798688774654967986887
4564679986454564679986453456467998645334564679986453
1224686865561224686865563122468686556331224686865563
2546548887732546548887735254654888773552546548887735
4322674655534322674655533432267465553334322674655533
