3144121345152353432335333335366334556533532265244635
1545343452646443324536432336447756665734346646573356
4512662552444445353224524346455733657665377436653435
3533355632222532355354446365733563374453673444747773
1334236546535625665245553637366657366646745374365573
1332445343426264546626647666733634546547753673335684
2434665523342624563447333455345737533565366574467677
2256566242526546542573733566463445374665474557668875
2632253323346423346756436447546545367737634458784685
4623465654453436566644466567465336437454478448667585
3632664534454665665566673663554343465333557775666577
3253636646562554654364333367735673475377674857444465
6225234533346527677375466777665376444764658857656447
3336232425255335763765335744765773376657488875664646
5434542554333675534466373454336774656565464478457886
6235365554255755637746737674557336657776866667865456
3353654525343474554454734357657366865864544768775776
4654624536363445666753546555746744456477787757564487
3634426353437773355646336733548458785877768865786657
2326344534537637475536447335684754577678547546574785
5223444525757454467764435354578485554758574578554784
6635526273343337735466334455487677558686455845844777
4452646455563377543765446655854667875755574547457567
6224552774676556673577535787745658775848884574667868
3325445673535645666676558764546885644766747856855855
3623527744536657754377668466887566566444687746878556
6534434634477753436447658665877488644486547598986896
2334577565644733747456767866486576675556445595767956
5444355437357757564365866488774475745766499865955898
5522545457363663675577466458757668646846558769677875
4465765366753775377778776674644847555889655699995878
6644734774753376347465654567878678748569755897958599
4655747335634575367888764848847577456578797995976559
6553535643647673474577788665775757478575769779597676
3674473644677737358587568777845688485797685787579899
5755753765477353754656745554547566775566995585577897
2343374357646374374778475778785447885685956599695759
7573746466673433746587767845484856995566879685679598
7466753446364433554478478777755859756887866585858569
5654775763535577547658566755847567577588696888996858
5457765473764576564847676644746757857878679968765868
5565475365347444646666777686546656788678775995667998
4756745677666557488466754875778968558687866568568896
5757765746676674885856646555668788588566969856669789
6543377547743667575878564464545995788966698895668797
6545353676447686566548875586785765869597588789699896
3734543673453647478454778777786755668998858659969676
4457653734335855886456854888586795585875965896696779
3377344755644684565654666756959866769698966998696868
6447347744667578567448868584889656965597998689868778
5545773733455758564575647585798755595865867968667988
6675574635667447557885587778557778865877996797876868
4773736544547486468485787448899896555676679769788668
5477677444636845887765766465999666575998689777988677
5753467337535678574867477756876585586988959997878977
4735464463757564847564756588766798869975666868876666
7764537763656845674466566449677865877759589966766689
7367366356346666667754845665865585897889979897869677
5735443753678576458846465547559955557788999999988897
5473663466547858566776754678577688758677897678676879
5537745757766754586457464589885987598895779676776699
3537675746656577567565745747875695987788987666977769
6537377434456657875568774485957879696667967867876977
7636373377738858886645767876655775755875758667769889
6376444667547456884567584888955587977775876777686799
6665757667367566464786674757899867678588559699869997
7664553774345887886554777848985998565787977677988696
5454473466664754744654665655869697775789888777987796
4446554475664458546544744557568785997959796668897879
4577564747678676857457677666886569598689696696986967
5777776346347844755665854877668986797668575898766667
3755644553434647785465764656995967766569697689778987
7645363747446887665765778858776657557786676987677678
5436436635774455755757468658566997978869666977876899
6363765764444457846855576678588678589898867688876787
7635574534677566885777565877799989769557655958889768
5773576354564888868458785547697655569559856559799978
3647476453365765875656577588776756889597869779987888
7646736544556388676578646778686886868766696898968687
4675534753347674444666448844577968879778958656858777
7545535735643748788886867454687955599985595585768996
6546457557474644856675585744568778877875698676798877
4455446466666537887655678455645576699765676968685669
3353454545447743655768845457764476797697958589867558
